129
NULL 0 Common 0
Joined 7 0,255,0,255,0,0,0,0,0,0 Latin 1 0 1 Joined	# Joined [4a 6f 69 6e 65 64 ]a
|Broken|0|1 15 0,255,0,255,0,0,0,0,0,0 Common 2 10 2 |Broken|0|1	# Broken
គ 1 0,255,0,255,0,0,0,0,0,0 Khmer 3 0 3 គ	# គ [1782 ]x
ឺ 0 0,255,0,255,0,0,0,0,0,0 Khmer 4 17 4 ឺ	# ឺ [17ba ]
ម 1 0,255,0,255,0,0,0,0,0,0 Khmer 5 0 5 ម	# ម [1798 ]x
ុ 0 0,255,0,255,0,0,0,0,0,0 Khmer 6 17 6 ុ	# ុ [17bb ]
ន 1 0,255,0,255,0,0,0,0,0,0 Khmer 7 0 7 ន	# ន [1793 ]x
ក 1 0,255,0,255,0,0,0,0,0,0 Khmer 8 0 8 ក	# ក [1780 ]x
ា 0 0,255,0,255,0,0,0,0,0,0 Khmer 9 0 9 ា	# ា [17b6 ]
រ 1 0,255,0,255,0,0,0,0,0,0 Khmer 10 0 10 រ	# រ [179a ]x
ប 1 0,255,0,255,0,0,0,0,0,0 Khmer 11 0 11 ប	# ប [1794 ]x
់ 0 0,255,0,255,0,0,0,0,0,0 Khmer 12 17 12 ់	# ់ [17cb ]
ស 1 0,255,0,255,0,0,0,0,0,0 Khmer 13 0 13 ស	# ស [179f ]x
្ល 1 0,255,0,255,0,0,0,0,0,0 Khmer 14 17 14 ្ល	# ្ល [17d2 179b ]x
ខ 1 0,255,0,255,0,0,0,0,0,0 Khmer 15 0 15 ខ	# ខ [1781 ]x
ែ 0 0,255,0,255,0,0,0,0,0,0 Khmer 16 0 16 ែ	# ែ [17c2 ]
្ម 1 0,255,0,255,0,0,0,0,0,0 Khmer 17 17 17 ្ម	# ្ម [17d2 1798 ]x
។ 16 0,255,0,255,0,0,0,0,0,0 Khmer 18 0 18 ។	# ។ [17d4 ]p
ជ 1 0,255,0,255,0,0,0,0,0,0 Khmer 19 0 19 ជ	# ជ [1787 ]x
៊ 0 0,255,0,255,0,0,0,0,0,0 Khmer 20 17 20 ៊	# ៊ [17ca ]
ី 0 0,255,0,255,0,0,0,0,0,0 Khmer 21 17 21 ី	# ី [17b8 ]
ណ 1 0,255,0,255,0,0,0,0,0,0 Khmer 22 0 22 ណ	# ណ [178e ]x
្ត 1 0,255,0,255,0,0,0,0,0,0 Khmer 23 17 23 ្ត	# ្ត [17d2 178f ]x
ោ 0 0,255,0,255,0,0,0,0,0,0 Khmer 24 0 24 ោ	# ោ [17c4 ]
ល 1 0,255,0,255,0,0,0,0,0,0 Khmer 25 0 25 ល	# ល [179b ]x
្រ 1 0,255,0,255,0,0,0,0,0,0 Khmer 26 17 26 ្រ	# ្រ [17d2 179a ]x
ំ 0 0,255,0,255,0,0,0,0,0,0 Khmer 27 17 27 ំ	# ំ [17c6 ]
េ 0 0,255,0,255,0,0,0,0,0,0 Khmer 28 0 28 េ	# េ [17c1 ]
ច 1 0,255,0,255,0,0,0,0,0,0 Khmer 29 0 29 ច	# ច [1785 ]x
ត 1 0,255,0,255,0,0,0,0,0,0 Khmer 30 0 30 ត	# ត [178f ]x
្ញ 1 0,255,0,255,0,0,0,0,0,0 Khmer 31 17 31 ្ញ	# ្ញ [17d2 1789 ]x
ព 1 0,255,0,255,0,0,0,0,0,0 Khmer 32 0 32 ព	# ព [1796 ]x
៌ 0 0,255,0,255,0,0,0,0,0,0 Khmer 33 17 33 ៌	# ៌ [17cc ]
ញ 1 0,255,0,255,0,0,0,0,0,0 Khmer 34 0 34 ញ	# ញ [1789 ]x
ដ 1 0,255,0,255,0,0,0,0,0,0 Khmer 35 0 35 ដ	# ដ [178a ]x
ង 1 0,255,0,255,0,0,0,0,0,0 Khmer 36 0 36 ង	# ង [1784 ]x
្ខ 1 0,255,0,255,0,0,0,0,0,0 Khmer 37 17 37 ្ខ	# ្ខ [17d2 1781 ]x
ៅ 0 0,255,0,255,0,0,0,0,0,0 Khmer 38 0 38 ៅ	# ៅ [17c5 ]
ធ 1 0,255,0,255,0,0,0,0,0,0 Khmer 39 0 39 ធ	# ធ [1792 ]x
្ន 1 0,255,0,255,0,0,0,0,0,0 Khmer 40 17 40 ្ន	# ្ន [17d2 1793 ]x
ះ 0 0,255,0,255,0,0,0,0,0,0 Khmer 41 0 41 ះ	# ះ [17c7 ]
ថ 1 0,255,0,255,0,0,0,0,0,0 Khmer 42 0 42 ថ	# ថ [1790 ]x
៍ 0 0,255,0,255,0,0,0,0,0,0 Khmer 43 17 43 ៍	# ៍ [17cd ]
ិ 0 0,255,0,255,0,0,0,0,0,0 Khmer 44 17 44 ិ	# ិ [17b7 ]
ៀ 0 0,255,0,255,0,0,0,0,0,0 Khmer 45 0 45 ៀ	# ៀ [17c0 ]
ផ 1 0,255,0,255,0,0,0,0,0,0 Khmer 46 0 46 ផ	# ផ [1795 ]x
្គ 1 0,255,0,255,0,0,0,0,0,0 Khmer 47 17 47 ្គ	# ្គ [17d2 1782 ]x
ើ 0 0,255,0,255,0,0,0,0,0,0 Khmer 48 0 48 ើ	# ើ [17be ]
ហ 1 0,255,0,255,0,0,0,0,0,0 Khmer 49 0 49 ហ	# ហ [17a0 ]x
ួ 0 0,255,0,255,0,0,0,0,0,0 Khmer 50 17 50 ួ	# ួ [17bd ]
យ 1 0,255,0,255,0,0,0,0,0,0 Khmer 51 0 51 យ	# យ [1799 ]x
្ឫ 1 0,255,0,255,0,0,0,0,0,0 Khmer 52 17 52 ្ឫ	# ្ឫ [17d2 17ab ]x
្ដ 1 0,255,0,255,0,0,0,0,0,0 Khmer 53 17 53 ្ដ	# ្ដ [17d2 178a ]x
ឡ 1 0,255,0,255,0,0,0,0,0,0 Khmer 54 0 54 ឡ	# ឡ [17a1 ]x
័ 0 0,255,0,255,0,0,0,0,0,0 Khmer 55 17 55 ័	# ័ [17d0 ]
= 0 0,255,0,255,0,0,0,0,0,0 Common 56 10 56 =	# = [3d ]
ូ 0 0,255,0,255,0,0,0,0,0,0 Khmer 57 17 57 ូ	# ូ [17bc ]
ទ 1 0,255,0,255,0,0,0,0,0,0 Khmer 58 0 58 ទ	# ទ [1791 ]x
្ង 1 0,255,0,255,0,0,0,0,0,0 Khmer 59 17 59 ្ង	# ្ង [17d2 1784 ]x
ឹ 0 0,255,0,255,0,0,0,0,0,0 Khmer 60 17 60 ឹ	# ឹ [17b9 ]
ឈ 1 0,255,0,255,0,0,0,0,0,0 Khmer 61 0 61 ឈ	# ឈ [1788 ]x
ឤ 1 0,255,0,255,0,0,0,0,0,0 Khmer 62 0 62 ឤ	# ឤ [17a4 ]x
្យ 1 0,255,0,255,0,0,0,0,0,0 Khmer 63 17 63 ្យ	# ្យ [17d2 1799 ]x
ឿ 0 0,255,0,255,0,0,0,0,0,0 Khmer 64 0 64 ឿ	# ឿ [17bf ]
្ច 1 0,255,0,255,0,0,0,0,0,0 Khmer 65 17 65 ្ច	# ្ច [17d2 1785 ]x
ៃ 0 0,255,0,255,0,0,0,0,0,0 Khmer 66 0 66 ៃ	# ៃ [17c3 ]
្ព 1 0,255,0,255,0,0,0,0,0,0 Khmer 67 17 67 ្ព	# ្ព [17d2 1796 ]x
៉ 0 0,255,0,255,0,0,0,0,0,0 Khmer 68 17 68 ៉	# ៉ [17c9 ]
| 0 0,255,0,255,0,0,0,0,0,0 Common 69 10 69 |	# | [7c ]
ឬ 1 0,255,0,255,0,0,0,0,0,0 Khmer 70 0 70 ឬ	# ឬ [17ac ]x
្ស 1 0,255,0,255,0,0,0,0,0,0 Khmer 71 17 71 ្ស	# ្ស [17d2 179f ]x
អ 1 0,255,0,255,0,0,0,0,0,0 Khmer 72 0 72 អ	# អ [17a2 ]x
វ 1 0,255,0,255,0,0,0,0,0,0 Khmer 73 0 73 វ	# វ [179c ]x
2 8 0,255,0,255,0,0,0,0,0,0 Common 74 2 74 2	# 2 [32 ]0
0 8 0,255,0,255,0,0,0,0,0,0 Common 75 2 75 0	# 0 [30 ]0
1 8 0,255,0,255,0,0,0,0,0,0 Common 76 2 76 1	# 1 [31 ]0
, 16 0,255,0,255,0,0,0,0,0,0 Common 77 6 77 ,	# , [2c ]p
្ថ 1 0,255,0,255,0,0,0,0,0,0 Khmer 78 17 78 ្ថ	# ្ថ [17d2 1790 ]x
} 16 0,255,0,255,0,0,0,0,0,0 Common 79 10 0 }	# } [7d ]p
7 8 0,255,0,255,0,0,0,0,0,0 Common 80 2 80 7	# 7 [37 ]0
) 16 0,255,0,255,0,0,0,0,0,0 Common 81 10 123 )	# ) [29 ]p
្ប 1 0,255,0,255,0,0,0,0,0,0 Khmer 82 17 82 ្ប	# ្ប [17d2 1794 ]x
្វ 1 0,255,0,255,0,0,0,0,0,0 Khmer 83 17 83 ្វ	# ្វ [17d2 179c ]x
្ក 1 0,255,0,255,0,0,0,0,0,0 Khmer 84 17 84 ្ក	# ្ក [17d2 1780 ]x
្ភ 1 0,255,0,255,0,0,0,0,0,0 Khmer 85 17 85 ្ភ	# ្ភ [17d2 1797 ]x
ៈ 0 0,255,0,255,0,0,0,0,0,0 Khmer 86 0 86 ៈ	# ៈ [17c8 ]
្ឋ 1 0,255,0,255,0,0,0,0,0,0 Khmer 87 17 87 ្ឋ	# ្ឋ [17d2 178b ]x
្ទ 1 0,255,0,255,0,0,0,0,0,0 Khmer 88 17 88 ្ទ	# ្ទ [17d2 1791 ]x
9 8 0,255,0,255,0,0,0,0,0,0 Common 89 2 89 9	# 9 [39 ]0
១ 8 0,255,0,255,0,0,0,0,0,0 Khmer 90 0 90 ១	# ១ [17e1 ]0
- 16 0,255,0,255,0,0,0,0,0,0 Common 91 3 91 -	# - [2d ]p
ៗ 1 0,255,0,255,0,0,0,0,0,0 Khmer 92 0 92 ៗ	# ៗ [17d7 ]x
៩ 8 0,255,0,255,0,0,0,0,0,0 Khmer 93 0 93 ៩	# ៩ [17e9 ]0
៥ 8 0,255,0,255,0,0,0,0,0,0 Khmer 94 0 94 ៥	# ៥ [17e5 ]0
្អ 1 0,255,0,255,0,0,0,0,0,0 Khmer 95 17 95 ្អ	# ្អ [17d2 17a2 ]x
ឲ 1 0,255,0,255,0,0,0,0,0,0 Khmer 96 0 96 ឲ	# ឲ [17b2 ]x
្ឆ 1 0,255,0,255,0,0,0,0,0,0 Khmer 97 17 97 ្ឆ	# ្ឆ [17d2 1786 ]x
្ធ 1 0,255,0,255,0,0,0,0,0,0 Khmer 98 17 98 ្ធ	# ្ធ [17d2 1792 ]x
ឧ 1 0,255,0,255,0,0,0,0,0,0 Khmer 99 0 99 ឧ	# ឧ [17a7 ]x
. 16 0,255,0,255,0,0,0,0,0,0 Common 100 6 100 .	# . [2e ]p
ឣ 1 0,255,0,255,0,0,0,0,0,0 Khmer 101 0 101 ឣ	# ឣ [17a3 ]x
្ជ 1 0,255,0,255,0,0,0,0,0,0 Khmer 102 17 102 ្ជ	# ្ជ [17d2 1787 ]x
ឃ 1 0,255,0,255,0,0,0,0,0,0 Khmer 103 0 103 ឃ	# ឃ [1783 ]x
& 16 0,255,0,255,0,0,0,0,0,0 Common 104 10 104 &	# & [26 ]p
្ហ 1 0,255,0,255,0,0,0,0,0,0 Khmer 105 17 105 ្ហ	# ្ហ [17d2 17a0 ]x
៏ 0 0,255,0,255,0,0,0,0,0,0 Khmer 106 17 106 ៏	# ៏ [17cf ]
ភ 1 0,255,0,255,0,0,0,0,0,0 Khmer 107 0 107 ភ	# ភ [1797 ]x
្ឃ 1 0,255,0,255,0,0,0,0,0,0 Khmer 108 17 108 ្ឃ	# ្ឃ [17d2 1783 ]x
/ 16 0,255,0,255,0,0,0,0,0,0 Common 109 6 109 /	# / [2f ]p
8 8 0,255,0,255,0,0,0,0,0,0 Common 110 2 110 8	# 8 [38 ]0
ឯ 1 0,255,0,255,0,0,0,0,0,0 Khmer 111 0 111 ឯ	# ឯ [17af ]x
ឆ 1 0,255,0,255,0,0,0,0,0,0 Khmer 112 0 112 ឆ	# ឆ [1786 ]x
២ 8 0,255,0,255,0,0,0,0,0,0 Khmer 113 0 113 ២	# ២ [17e2 ]0
០ 8 0,255,0,255,0,0,0,0,0,0 Khmer 114 0 114 ០	# ០ [17e0 ]0
៤ 8 0,255,0,255,0,0,0,0,0,0 Khmer 115 0 115 ៤	# ៤ [17e4 ]0
* 16 0,255,0,255,0,0,0,0,0,0 Common 116 10 116 *	# * [2a ]p
៣ 8 0,255,0,255,0,0,0,0,0,0 Khmer 117 0 117 ៣	# ៣ [17e3 ]0
[ 16 0,255,0,255,0,0,0,0,0,0 Common 118 10 119 [	# [ [5b ]p
] 16 0,255,0,255,0,0,0,0,0,0 Common 119 10 118 ]	# ] [5d ]p
¥ 0 0,255,0,255,0,0,0,0,0,0 Common 120 4 120 ¥	# ¥ [a5 ]
“ 16 0,255,0,255,0,0,0,0,0,0 Common 121 10 121 "	# “ [201c ]p
្ឈ 1 0,255,0,255,0,0,0,0,0,0 Khmer 122 17 122 ្ឈ	# ្ឈ [17d2 1788 ]x
( 16 0,255,0,255,0,0,0,0,0,0 Common 123 10 81 (	# ( [28 ]p
៨ 8 0,255,0,255,0,0,0,0,0,0 Khmer 124 0 124 ៨	# ៨ [17e8 ]0
៦ 8 0,255,0,255,0,0,0,0,0,0 Khmer 125 0 125 ៦	# ៦ [17e6 ]0
+ 0 0,255,0,255,0,0,0,0,0,0 Common 126 3 126 +	# + [2b ]
៎ 0 0,255,0,255,0,0,0,0,0,0 Khmer 127 17 127 ៎	# ៎ [17ce ]
! 16 0,255,0,255,0,0,0,0,0,0 Common 128 10 128 !	# ! [21 ]p
